image_00000 315 201 338 229
image_00001 319 200 340 225
image_00002 316 198 342 225
image_00003 324 199 342 225
image_00004 325 201 344 227
image_00005 324 199 343 226
image_00006 322 199 346 226
image_00007 324 198 346 225
image_00008 321 197 347 226
image_00009 322 199 349 226
image_00010 320 197 350 228
image_00011 320 196 350 229
image_00012 321 196 348 229
image_00013 320 185 355 230
image_00014 318 184 356 229
image_00015 317 181 357 230
image_00016 319 175 358 229
image_00017 320 175 357 230
image_00018 318 185 360 231
image_00019 318 184 364 232
image_00020 319 185 364 231
image_00021 319 188 364 232
image_00022 317 186 365 232
image_00023 318 188 366 232
image_00024 317 189 367 232
image_00025 323 191 366 232
image_00026 337 183 365 233
image_00027 329 190 367 231
image_00028 333 188 365 232
image_00029 336 189 363 233
image_00030 340 184 367 235
image_00031 340 188 367 234
image_00032 341 188 366 233
image_00033 340 184 366 234
image_00034 339 187 367 234
image_00035 344 188 367 237
image_00036 340 186 368 235
image_00037 343 186 370 236
image_00038 341 188 370 235
image_00039 342 188 374 237
image_00040 337 189 373 235
image_00041 341 184 372 236
image_00042 340 183 372 235
image_00043 339 184 375 235
image_00044 344 187 374 215
image_00045 346 186 375 212
image_00046 343 187 373 211
image_00047 351 183 372 211
image_00048 351 181 373 208
image_00049 350 180 373 208
image_00050 354 179 374 206
image_00051 361 183 373 202
image_00052 357 180 374 202
image_00053 356 180 373 203
image_00054 358 184 373 201
image_00055 359 184 372 204
image_00056 356 182 371 200
image_00057 359 182 373 201
image_00058 359 184 370 200
image_00059 360 183 368 197
image_00060 357 185 367 197
image_00061 360 187 368 197
image_00062 359 184 369 198
image_00063 358 183 370 197
